9390 1.00
9470 0.20
9480 0.50
9500 0.30
9510 0.10
9550 1.60
9560 3.00
9570 0.70
10770 0.10
10800 0.10
10810 0.60
10820 1.40
10830 0.40
10840 0.50
10850 0.40
10860 0.60
10870 0.20
10880 0.30
10890 0.60
10900 0.50
10910 0.20
11750 0.10
11810 0.50
11820 0.60
14740 0.20
14750 0.10
14760 0.20
14770 0.10
14840 0.10
14850 0.10
14860 0.40
14870 0.60
14880 0.20
14890 1.60
14900 0.50
14910 0.20
14920 0.30
14930 0.40
14940 0.10
14950 0.30
14960 0.20
14970 0.20
14980 0.40
14990 0.70
15000 0.10
15010 0.10
15020 0.20
15030 0.30
15040 0.30
15050 0.10
15060 0.10
15570 1.90
15580 0.20
15590 0.70
15600 2.40
15610 1.70
15620 0.10
15720 0.10
16360 0.10
16380 0.30
16390 0.30
16400 0.20
16410 0.10
16420 0.10
16430 0.20
16440 0.20
16450 0.30
16460 0.10
16470 0.20
16480 0.10
16490 0.10
16500 0.20
16510 0.20
16520 0.10
16530 0.10
16540 0.20
16550 0.20
16560 0.10
16570 0.10
16580 0.20
16590 0.30
16600 1.40
16610 2.00
16620 1.40
16630 1.00
16640 1.10
16650 0.80
16660 0.60
16670 0.60
16680 0.50
16690 0.40
16700 0.20
16710 0.10
16720 0.20
16730 0.50
16740 0.50
16750 0.50
16760 0.80
16770 0.60
16780 1.00
16790 0.90
16800 0.60
16810 0.60
16820 0.40
16830 0.30
16840 0.20
16850 0.20
17380 0.10
17400 0.10
17410 0.10
17420 0.10
17430 0.10
17440 0.20
17450 0.30
17460 0.30
17470 0.30
17480 0.10
17490 0.10
17500 0.20
17510 0.10
17520 0.10
17530 0.20
17540 0.20
17550 0.20
17560 0.20
17570 0.20
17580 0.40
17590 0.30
17600 0.40
17610 0.30
17620 0.40
17630 0.90
17640 0.70
17650 0.50
17660 0.80
17670 0.50
17680 0.50
17690 0.30
17700 0.10
17870 0.10
19350 0.40
19360 0.20
19410 0.10
19420 0.30
19430 0.50
19440 0.40
19450 0.40
19470 0.10
19560 0.50
19570 0.90
19590 0.10
19890 0.30
19900 0.30
19910 0.40
19930 0.20
19940 0.10
19950 0.10
19960 0.50
19970 0.80
19980 0.70
19990 0.40
20000 0.50
20010 0.20
20050 0.10
20060 0.10
20070 0.70
20080 0.30
20090 0.30
20140 0.10
21520 0.10
21550 0.30
21560 0.20
21570 0.40
21580 0.10
21600 0.20
21610 0.20
21620 0.30
21630 0.20
21640 0.30
21670 0.10
21690 0.10
21700 0.10
21710 0.20
21730 0.10
21790 0.20
21800 0.10
21840 0.10
21870 0.40
21880 1.40
21890 1.10
26610 0.10
26630 0.10
26640 0.50
26650 0.30
26660 0.20
26670 0.20
26680 0.20
26690 0.20
26700 0.30
26710 0.30
26720 0.10
26730 0.10
26740 0.20
26750 0.10
26760 0.10
26770 0.30
26780 0.10
26790 0.10
26800 0.20
26810 0.30
26820 0.20
26830 0.10
26840 0.20
26850 0.10
26870 0.20
26880 0.20
26890 0.30
26910 0.10
26930 0.10
26940 0.10
26950 0.20
26960 0.10
26970 0.20
26980 0.20
26990 0.20
27000 0.20
27010 0.20
27020 0.20
27030 0.10
27040 0.20
27050 0.10
27060 0.20
27070 0.30
27080 0.10
27100 0.10
27110 0.20
27120 0.20
27130 0.10
27140 0.10
27150 0.10
27160 0.20
27170 0.20
27180 0.10
27190 0.40
27210 0.20
27220 0.20
27230 0.20
27240 0.10
27250 0.10
27260 0.10
27280 0.10
27290 0.10
27300 0.10
27310 0.20
27330 0.10
27380 0.10
27390 0.10
27410 0.10
27420 0.10
27430 0.10
27440 0.20
27450 0.30
27460 0.20
27470 0.30
27480 0.20
27490 0.10
27500 0.20
27510 0.20
27520 0.20
27530 0.10
27570 0.10
27620 0.10
27630 0.20
27700 0.10
27710 0.10
27720 0.20
27730 0.10
27740 0.10
27750 0.20
27830 0.10
30560 0.10
30570 0.10
30700 0.10
30720 0.10
31340 0.10
31350 0.10
31360 0.20
31370 0.10
31380 0.20
31390 0.20
31400 0.20
31410 0.20
31420 0.20
31430 0.20
31440 0.20
31450 0.10
31460 0.20
31480 0.10
33280 0.20
33290 0.10
33300 0.10
33430 0.20
33440 0.10
33450 0.20
33460 0.20
33470 0.20
33480 0.20
33490 0.10
33500 0.10
33520 0.10
33530 0.10
33670 0.10
38230 0.20
38260 0.10
38300 0.30
38400 0.30
38410 0.50
38420 0.30
38430 0.10
38620 0.10
38650 0.10
38680 0.10
38690 0.10
38810 0.30
38820 0.90
38830 0.40
38840 0.10
38850 0.40
38860 0.10
39440 0.20
39450 0.10
39460 0.30
39470 0.10
39480 0.10
39490 0.10
39510 0.40
39520 0.10
39980 0.10
40100 0.40
40110 0.80
40120 0.80
40130 0.40
40140 0.30
40150 0.20
40160 0.40
40170 0.20
40180 0.50
40190 0.40
40200 0.20
40210 0.10
40220 0.10
40230 0.20
40240 0.10
40250 0.30
40260 0.10
40270 0.10
40280 0.20
40310 0.10
40320 0.90
40330 0.10
40420 0.10
40440 0.10
42050 0.30
42060 0.10
42230 0.10
43820 0.10
43830 0.10
43850 0.10
43860 0.20
43870 0.30
43880 0.10
43890 0.10
43900 0.20
43910 0.10
43920 0.20
43930 0.10
43940 0.10
43950 0.10
43960 0.20
43970 0.10
43980 0.10
43990 0.10
44000 0.10
44010 0.10
44030 0.20
44040 0.20
44050 0.30
44060 0.30
44070 0.20
44090 0.10
44270 0.20
44280 0.20
44300 0.10
44980 0.50
44990 0.60
45000 0.50
45010 0.40
45020 0.20
45030 0.60
45040 0.50
45050 0.30
45060 0.10
45070 0.20
45110 0.10
45850 0.20
45860 0.20
45870 0.80
45880 1.00
45890 0.90
45900 1.00
45910 0.60
45920 0.40
45930 0.40
45940 0.50
45950 0.20
45960 0.20
46490 0.10
46500 0.10
46520 0.30
46530 0.30
46540 0.40
46550 1.00
46560 1.10
46570 0.40
46580 0.30
46590 0.50
46600 0.70
46610 0.30
46620 0.20
46630 0.30
46640 0.40
46650 0.10
52960 0.50
52970 0.40
52980 0.20
52990 0.30
53000 1.30
53010 0.30
53020 0.40
53040 0.10
53340 0.10
53350 0.10
53460 0.30
53470 0.10
53490 0.20
53500 0.20
54820 0.10
54830 0.30
54880 1.20
54890 1.80
54900 0.70
54930 0.30
55360 0.10
55410 0.60
55480 0.20
55500 1.10
55510 0.10
55530 0.10
55580 0.10
58990 0.10
59000 0.20
59010 0.10
59030 0.10
59190 0.10
59220 0.10
59230 0.10
59250 0.20
59270 0.10
59280 0.10
59290 0.10
59300 0.10
59310 0.20
59330 0.10
59340 0.10
59360 0.10
59460 0.10
59500 0.10
59510 0.10
59530 0.10
59550 0.10
59560 0.10
59600 0.10
59660 0.10
59860 0.10
64640 0.20
64650 0.10
68850 0.10
69870 0.10
69880 0.10
70500 0.20
70510 0.30
76820 0.10
76830 0.10
76860 0.10
77180 0.10
78790 0.10
78800 0.10
78810 0.10
78830 0.10
78840 0.10
78860 0.20
78880 0.10
78890 0.10
78900 0.10
78910 0.20
78920 0.10
78940 0.10
78950 0.10
78960 0.10
78970 0.10
79000 0.20
79010 0.10
79020 0.10
79030 0.10
79040 0.30
79050 0.20
79060 0.30
79070 0.20
79080 0.10
79090 0.20
79100 0.20
79110 0.20
79120 0.10
79130 0.20
79140 0.20
79150 0.10
79160 0.10
79180 0.10
79190 0.10
79200 0.10
79210 0.10
79230 0.10
79240 0.10
79270 0.10
79310 0.10
79880 0.10
82360 0.10
82370 0.30
82380 0.10
82390 0.40
82410 0.10
82470 0.20
82480 0.10
83120 0.10
83130 0.10
83270 0.10
83350 0.10
83380 0.10
83390 0.20
83400 0.30
83740 0.50
83760 0.10
84050 0.20
84100 0.40
84110 0.20
84120 0.10
84160 0.10
84980 0.10
84990 0.50
85000 0.40
85010 0.30
90810 0.10
91300 0.20
92120 0.10
92150 0.10
92210 0.10
92310 0.10
92340 0.10
92390 0.20
92400 0.20
92410 0.30
92420 0.30
92430 0.10
92440 0.10
92460 0.10
92470 0.10
92550 0.10
92560 0.10
92570 0.40
92580 0.20
92590 0.10
92600 0.10
92620 0.20
92630 0.20
92640 0.20
92700 0.10
92710 0.10
92730 0.10
92740 0.20
92760 0.10
92770 0.10
92790 0.10
92800 0.10
92830 0.20
92850 0.10
92860 0.20
92870 0.10
92890 0.20
92900 0.10
92910 0.10
92920 0.10
92940 0.10
92960 0.10
92970 0.10
92980 0.30
92990 0.10
93010 0.20
93020 0.20
93030 0.10
93040 0.30
93050 0.30
93060 0.20
93070 0.30
93080 0.30
93090 0.30
93100 0.40
93110 0.30
93120 0.30
93130 0.20
93140 0.10
93190 0.10
93200 0.10
93210 0.10
93220 0.10
93230 0.10
93240 0.20
93260 0.10
93290 0.10
93330 0.10
95480 1.00
95490 0.10
95760 0.90
95770 1.40
95780 1.30
95790 0.90
95980 0.20
95990 0.10
96000 0.10
96050 0.40
96060 0.20
96070 0.10
96080 0.10
99050 0.10
103160 0.10
103170 0.30
103180 0.30
103190 0.40
103200 0.40
103210 0.50
103220 0.70
103230 0.30
103240 0.20
103260 0.10
105140 0.10
110420 0.10
111330 0.10
111660 0.20
111670 0.20
111680 0.30
111690 0.70
111700 0.10
113260 0.10
113280 0.10
113300 0.20
113310 0.20
113320 0.10
113330 0.10
113340 0.20
113350 0.30
113360 0.30
113370 0.40
113380 0.60
113390 0.30
113400 0.10
113410 0.20
113420 0.20
113430 0.10
113440 0.10
113450 0.10
113470 0.10
113490 0.10
114080 0.10
114090 0.10
114210 0.10
114260 0.10
114690 0.10
114720 0.10
114740 0.10
114780 0.10
114830 0.10
117750 0.60
117790 0.10
118740 0.70
118750 2.20
118760 1.70
118770 0.60
119180 0.10
121650 0.10
121660 1.70
121670 1.10
121680 0.40
121840 0.60
121850 0.60
121860 0.30
133210 0.20
133220 0.20
133230 0.20
133240 0.30
133250 0.30
133260 0.10
133270 0.20
133280 0.20
133310 0.10
133350 0.10
135330 0.10
135340 0.10
135350 0.10
135500 0.10
135510 0.10
135520 0.20
135560 0.10
135580 0.10
135600 0.10
135630 0.10
135640 0.20
135650 0.10
135930 0.10
136840 0.10
136850 0.30
137500 0.20
137510 0.10
138140 1.50
138150 0.30
138160 0.40
138910 0.10
139090 0.20
139160 0.30
139180 0.80
139190 0.40
139200 0.10
139720 0.10
139730 0.60
140000 0.70
140010 0.20
140080 0.20
140270 0.10
140280 0.10
140950 0.20
141600 0.50
141610 0.10
141850 0.30
141860 0.60
141870 1.20
141880 1.60
141900 0.30
141930 0.10
142170 0.20
144850 0.10
155880 0.10
155890 0.10
155900 0.10
155920 0.10
155940 0.10
155950 0.10
155960 0.20
155970 0.10
155980 0.10
156000 0.10
156020 0.10
156030 0.10
156040 0.10
156050 0.20
156070 0.10
156090 0.10
156100 0.10
156110 0.10
156120 0.10
156130 0.10
156140 0.10
156150 0.10
156170 0.10
156180 0.10
156190 0.10
156200 0.10
156210 0.30
156220 0.40
156230 0.20
156240 0.40
156250 0.40
156260 0.20
156270 0.20
156280 0.10
156290 0.30
156300 0.20
156310 0.20
156320 0.10
156330 0.20
156340 0.30
156350 0.20
156360 0.30
156370 0.40
156380 0.10
156390 0.10
156400 0.10
156410 0.10
156430 0.10
156450 0.10
156470 0.10
156510 0.10
156520 0.30
156530 0.20
156650 0.10
156660 0.10
156680 0.30
156690 0.10
157810 0.10
160570 1.50
161130 0.20
161140 2.40
161150 1.80
161160 1.30
161170 0.20
161180 0.10
170250 0.10
170260 0.40
170280 0.10
170570 0.10
171140 0.40
171150 0.70
171160 0.70
171170 0.20
171180 0.10
171190 2.20
171200 0.60
171210 0.40
171220 0.60
171230 0.30
171240 0.40
171250 0.50
171260 0.40
171270 0.60
171280 1.10
171290 1.20
171300 0.40
171310 0.20
171320 0.20
171330 0.20
171340 0.20
171350 0.10
171370 0.10
171390 0.10
171400 0.10
171410 0.10
171420 0.10
171470 0.10
171790 0.90
171800 0.60
171810 0.10
171820 0.20
171980 0.10
172870 0.20
172880 0.30
172890 0.40
172900 0.20
172910 0.50
172920 0.40
172930 0.20
172940 0.10
173050 0.10
173330 0.10
173350 0.10
173370 0.10
173380 0.40
173390 0.10
178330 0.10
178350 0.10
179050 0.10
179260 0.10
179270 0.10
179280 0.10
179290 0.10
179300 0.10
179310 0.20
179330 0.10
179340 0.10
179350 0.30
179360 0.20
179370 0.10
179380 0.10
179390 0.20
179400 0.10
179410 0.20
179420 0.20
179430 0.20
179440 0.30
179450 0.20
179460 0.30
179470 0.10
179480 0.20
179490 0.10
179500 0.20
179510 0.10
179530 0.10
179560 0.10
179570 0.10
179580 0.10
179650 0.10
180890 0.20
180900 0.50
180910 0.30
180950 0.10
180980 0.10
183860 0.30
183870 0.40
183880 0.10
183890 0.10
183900 0.20
183910 0.20
183920 0.10
183930 0.20
183940 0.20
183950 0.20
183960 0.10
183970 0.10
184000 0.10
184020 0.10
184030 0.10
184050 0.10
184060 0.10
184070 0.10
184080 0.10
184090 0.10
184100 0.10
184110 0.10
184120 0.20
184130 0.20
184140 0.20
184150 0.20
184160 0.10
184170 0.10
184180 0.20
184190 0.20
184200 0.10
184210 0.30
184220 0.20
184230 0.10
184240 0.10
184250 0.30
184260 0.20
184270 0.30
184280 0.20
184290 0.60
184300 0.50
184310 0.10
184320 0.20
184330 0.10
184340 0.20
184350 0.50
184360 0.20
184370 0.10
184390 0.20
184400 0.30
184410 0.40
184420 0.60
184430 0.20
184440 0.20
184450 0.10
184460 0.30
184470 0.30
184480 0.20
184490 0.30
184500 0.20
184510 0.80
184520 0.50
184530 0.50
184540 0.50
184550 0.50
184560 0.40
184570 0.10
184580 0.10
184590 0.30
184600 0.30
184620 0.20
184630 0.20
184640 0.40
184750 0.10
184800 0.10
187440 0.10
187520 0.10
187550 0.10
187590 0.10
187620 0.10
187650 0.10
203130 0.30
203140 0.20
203150 0.30
203160 0.90
203170 1.30
203180 0.50
203190 0.20
203240 0.10
203280 0.20
203290 0.20
203300 0.40
203310 0.20
203320 0.10
203480 0.10
216430 0.10
216460 0.10
216490 0.20
216500 0.20
216510 0.50
216520 0.20
216530 0.30
216540 0.10
216550 0.20
216560 0.30
216570 0.70
216580 0.10
216590 0.30
216600 0.10
216610 0.20
216630 0.10
216820 0.40
216830 0.10
219820 0.10
219830 0.60
219840 0.20
219860 0.10
219880 0.20
219890 0.10
219910 0.10
220060 0.20
220070 0.20
220130 0.10
220380 0.30
220390 0.20
220400 0.10
220430 0.40
220440 0.40
220450 0.30
220460 0.10
220470 0.10
220480 0.20
220510 0.10
220530 0.20
220540 1.30
220550 1.00
220560 2.20
220570 0.90
220580 0.50
220590 0.30
220600 1.20
220610 1.00
220620 0.20
220650 0.10
220690 0.10
220800 0.30
220810 0.40
220830 0.10
220840 0.10
220910 0.10
223190 0.10
223200 0.20
223210 0.10
223220 0.10
223230 0.10
223250 0.10
223260 0.10
223270 0.20
223280 0.40
223290 0.10
223300 0.10
223410 0.40
223420 0.10
223430 0.10
223450 0.20
223470 0.40
223480 0.40
223490 0.30
223500 0.20
223510 0.20
223550 0.10
223580 0.10
223590 0.10
223610 0.10
223620 0.10
223660 0.10
224340 0.70
224350 3.00
224360 0.30
224950 0.10
232120 0.30
232360 0.10
232380 0.10
232390 0.20
232400 0.40
232410 0.80
232450 0.10
232470 0.60
232480 0.30
232490 0.30
232500 1.60
232510 0.50
232520 0.20
232530 0.20
232540 0.20
232550 0.10
232560 0.30
232570 0.20
232580 0.10
232590 0.10
232610 0.20
232620 0.10
232630 0.20
232640 0.40
232650 0.30
232670 0.10
232680 0.10
232700 0.10
232710 0.10
232720 0.10
232730 0.10
232740 0.20
232750 0.20
232760 0.10
232770 0.10
232800 0.10
233710 0.10
233890 0.10
233900 0.10
233910 0.10
233920 0.10
233950 0.10
234920 0.10
235670 0.10
240330 0.10
240500 0.10
244180 0.80
244190 0.60
244210 1.80
244220 0.30
244280 0.10
244500 0.10
245270 0.10
248360 1.10
248370 0.50
248380 0.60
248390 0.60
248400 0.90
250390 0.20
250400 0.40
250410 0.70
250420 2.20
250430 4.20
250440 3.10
250450 0.90
250460 0.20
250470 0.30
250480 0.20
250490 0.10
250500 0.10
250510 0.30
250520 0.40
250530 0.30
250540 0.20
250550 0.30
250560 0.10
250570 0.10
250620 0.20
250650 0.10
250660 0.10
250680 0.10
250720 0.30
250860 0.50
250880 0.10
251200 2.80
251210 0.60
251220 0.70
251230 0.50
251320 0.20
251330 0.10
251440 0.20
251820 0.10
252410 0.10
252530 0.30
252540 0.70
252740 0.10
256170 0.10
256400 0.10
256410 0.10
256540 0.10
261990 0.30
262000 0.10
262070 0.30
262090 0.50
262100 0.40
262220 0.10
262900 0.10
263930 0.10
263940 0.10
263950 0.20
263960 0.20
263970 0.20
263980 0.10
263990 0.40
264000 0.40
264010 0.90
264020 0.70
264030 0.40
264040 0.10
264050 0.50
264190 0.10
264230 0.10
264260 0.10
265130 0.10
265140 0.10
265230 0.10
265240 0.10
265490 0.20
265590 0.10
267620 0.40
267630 0.20
267650 0.40
267660 0.10
267670 0.10
267680 0.20
267690 0.10
267700 0.40
267710 0.10
267730 0.20
267740 0.50
267750 1.00
267760 0.60
267770 0.70
267780 0.60
267790 0.70
267800 0.80
267810 0.50
267820 0.40
267830 0.20
267840 0.30
267850 0.10
267870 0.20
267900 0.10
268830 0.10
271580 0.10
271590 0.50
271600 0.60
271610 0.10
271620 0.30
271630 0.10
271640 0.80
271650 1.60
271660 0.80
271670 1.50
271680 1.90
271690 0.80
271700 1.10
271710 0.80
271720 0.20
271890 0.20
271900 0.20
271910 0.10
271920 0.10
271930 0.10
273100 0.20
273110 0.50
273120 0.30
273130 1.00
273140 0.10
273480 0.10
273490 0.50
273500 1.90
273510 0.90
273520 0.50
273530 0.30
273540 0.60
273550 0.10
273560 0.10
273610 0.10
273620 0.10
273640 0.10
273680 0.10
273690 0.10
273720 0.10
274070 2.20
274080 0.20
274100 0.10
274230 0.10
274790 0.10
275010 0.10
275020 0.10
275800 0.30
275810 1.00
275820 0.80
275830 0.10
275850 0.10
275860 0.10
276870 0.30
276880 0.10
276890 0.30
276930 0.10
276940 0.10
276960 0.10
276970 0.90
276990 0.30
277000 0.10
277190 0.10
278250 0.30
278260 0.70
278270 0.10
278690 0.10
278700 0.10
279090 0.10
279100 2.30
279190 0.10
279210 0.10
279220 0.10
279230 0.10
279240 0.20
279490 0.10
280070 0.20
281580 0.20
281600 0.10
281640 0.30
281650 0.10
281670 0.10
286070 1.00
286080 2.10
286090 1.20
287240 0.10
287440 7.00
287450 2.40
287460 0.10
287470 0.30
287480 0.30
287490 0.20
287500 0.50
287510 3.00
291500 0.50
293530 0.10
293540 1.10
293550 1.80
293560 1.10
293570 1.10
293580 0.60
293590 0.20
293600 0.40
293610 0.50
293620 0.40
293630 0.60
293640 0.50
293650 0.20
293730 1.00
293760 0.30
293940 0.10
293980 0.10
297890 0.10
313220 0.10
313230 0.10
313240 0.20
313250 0.10
313260 0.10
313310 0.10
313320 0.70
313330 0.60
313340 0.10
313590 0.20
313850 0.10
313860 0.10
313910 0.20
313920 0.10
313960 0.10
313970 0.10
313980 0.70
313990 6.00
314000 4.60
314010 2.80
314020 0.50
314030 0.70
314040 0.30
314050 0.40
314060 0.10
314070 0.20
314080 1.40
314090 1.00
314100 0.70
314110 0.40
314120 0.20
314130 0.10
314140 0.10
314150 0.10
314160 0.10
314170 0.10
314260 0.10
314270 0.10
314280 0.20
314320 0.10
314330 0.10
314360 0.10
320190 1.00
320200 1.40
320210 1.40
320220 1.40
320230 1.40
320240 1.50
320250 0.50
320260 0.50
320270 0.20
321430 0.20
321910 0.10
322800 0.90
322810 0.20
322820 0.10
322850 0.10
322870 0.30
322880 0.10
322890 0.10
322930 0.30
322940 0.50
322950 0.80
322960 1.10
322970 0.60
322980 0.70
322990 0.70
323000 0.50
323010 0.10
323030 0.10
323040 1.00
323050 0.20
323070 0.20
323080 0.40
323090 0.20
323100 0.50
323120 0.10
324730 0.90
324810 0.10
325160 0.10
325170 0.10
325190 0.10
325200 0.10
325210 0.10
325230 0.10
325240 0.20
325250 0.20
325270 0.10
325280 0.10
325290 0.10
325300 0.80
325310 1.90
325320 0.60
325330 1.00
325340 0.10
325350 0.10
325450 0.10
325570 0.10
325580 0.50
325590 0.60
325600 0.10
325610 0.10
327930 0.20
328220 0.10
328230 0.10
328260 0.40
328270 0.40
328280 0.20
328290 0.40
328300 1.00
328310 3.80
328320 17.20
328450 0.80
328460 4.30
328470 2.90
328480 1.10
328490 0.80
328500 1.20
328510 0.50
328520 0.10
328530 0.20
328540 0.10
328550 0.10
328570 0.10
328590 0.10
328600 0.10
328610 0.60
328620 0.80
328630 0.10
328790 0.10
332200 0.10
332870 0.10
333560 0.10
334200 0.10
334210 0.30
334220 0.20
334230 0.30
334240 0.20
334250 0.10
334290 0.20
334300 0.10
334310 0.50
334320 0.50
334360 0.10
334410 0.30
334420 0.30
334430 0.40
334440 0.50
334450 0.40
334460 0.30
334470 0.10
334940 0.10
335350 0.40
335360 0.20
335720 0.10
335860 0.10
335970 0.10
335990 0.20
336000 0.20
336010 0.10
336020 0.10
336100 0.10
338700 0.10
338710 0.20
338720 0.10
338730 0.10
338740 0.10
338770 0.10
338810 0.10
338820 0.20
338830 0.20
338840 0.40
338850 0.20
338870 0.10
339580 0.10
339690 0.10
340450 0.20
340560 0.10
340570 0.10
340720 0.20
340730 0.70
340740 0.10
340750 0.10
340790 0.40
340860 0.30
340870 0.10
341530 0.30
341540 0.10
341750 0.10
341760 0.10
341940 0.10
342000 2.90
342010 0.10
342360 1.60
342370 4.20
342380 0.40
342390 0.40
342400 0.80
342410 0.10
342430 0.10
342520 0.20
342530 0.10
342750 0.10
344810 0.10
344830 0.10
344850 0.10
344860 0.30
344870 0.10
344880 0.10
344890 0.30
344900 0.40
344910 0.20
344920 0.10
344930 0.10
344940 0.20
344950 0.10
344960 0.10
345100 0.20
345110 0.10
345120 0.10
345130 0.40
345140 0.40
345150 0.30
345160 0.20
345170 0.20
345180 0.10
345190 0.20
345200 0.10
345210 0.20
345230 0.10
345240 0.20
345590 0.20
345600 0.30
345610 0.30
345620 0.50
345630 0.30
345640 0.20
345650 0.20
345670 0.10
345680 0.10
347910 0.10
347920 0.20
350070 0.10
350350 0.10
365960 0.10
366090 0.30
366100 0.20
366560 0.10
368630 0.10
368650 0.10
368660 0.10
368670 0.10
368680 0.20
368690 0.10
368720 0.10
368730 0.10
368740 0.10
368750 0.10
368770 0.10
368810 0.10
369430 0.10
369440 0.40
369450 0.30
369460 0.50
369470 0.50
369480 0.40
369490 0.90
369500 0.30
369510 0.20
369550 0.30
369600 0.10
369610 0.10
369620 0.30
369630 0.10
369640 0.10
369660 0.10
369670 0.10
369680 0.20
370950 0.10
370960 1.80
370970 0.70
370980 0.10
371070 1.90
371080 0.10
371140 0.10
373610 0.30
373620 0.80
376920 0.10
379730 0.10
379770 0.10
379790 0.30
379800 0.30
382260 0.20
382270 0.20
382300 0.10
382420 0.10
382430 0.40
382440 0.40
382450 0.10
382460 0.10
382480 0.20
382490 0.20
382500 0.10
382510 0.10
382520 0.10
382530 0.20
382540 0.10
382550 0.10
382560 0.10
382570 0.10
382580 0.10
382610 0.10
382620 0.10
382630 0.10
382640 0.10
382650 0.10
382660 0.10
382700 0.10
383230 0.10
383290 0.10
383460 0.10
383480 0.10
383490 0.30
383500 0.40
383510 0.40
383520 0.20
383550 0.20
383610 0.10
383630 0.10
383650 0.10
383660 0.10
383730 0.10
383740 0.50
383750 0.10
383850 0.10
383870 0.10
383880 0.10
383910 0.10
383930 0.10
384130 0.10
385820 0.10
385870 0.30
385890 0.10
386000 0.10
386010 0.20
386030 0.30
386910 0.10
387070 0.10
387210 0.10
387290 0.10
392400 0.10
396020 0.20
396030 0.10
396090 0.10
400010 0.30
400030 0.10
400330 0.10
400370 0.10
402540 0.70
402550 0.30
402680 0.40
403030 0.10
403040 0.10
403050 0.10
403500 0.10
403510 0.10
403560 0.10
403630 2.90
403710 0.10
403720 0.20
403730 0.10
403780 0.10
403800 0.10
403840 0.10
405000 0.10
405010 0.10
408300 0.10
412930 0.10
412950 0.20
412960 0.10
412970 0.10
413020 0.20
413030 0.10
413040 0.10
413050 0.10
413070 0.10
413100 0.10
413160 0.10
413180 0.10
413220 0.10
413270 0.10
413280 0.10
413310 0.10
413410 0.10
413420 0.10
413870 0.10
414180 0.20
414190 0.20
414290 0.10
414300 0.30
414360 0.10
414370 0.20
414390 0.40
414400 0.40
414410 0.10
414420 0.20
414430 0.90
414440 0.10
414460 0.50
414480 0.10
415170 0.10
417150 0.10
417160 0.10
417210 0.10
417220 0.40
418330 0.10
419050 0.10
419160 0.10
422250 0.10
422270 0.10
422290 0.10
422330 0.30
422340 0.60
422350 0.90
422360 1.20
422370 0.90
422380 0.60
422390 1.00
422400 0.30
422410 0.20
422420 0.10
422430 0.10
422450 0.10
423330 1.40
423430 0.30
423440 0.10
423960 0.10
423970 0.60
424020 0.20
428840 0.10
430050 0.20
430060 0.10
430080 0.10
430090 0.30
430100 0.30
430110 0.10
430140 0.10
430150 0.20
433240 0.10
433250 0.10
433270 0.10
433280 0.10
433290 0.20
433300 0.20
433310 0.10
433330 0.10
433340 0.10
433350 0.10
433360 0.10
433370 0.20
433380 0.30
433390 0.30
433400 0.30
433410 0.40
433420 0.40
433430 0.30
433440 0.30
433450 0.40
433460 0.30
433470 0.10
438420 0.10
440630 0.40
440640 0.30
440650 0.10
440660 0.60
440670 0.50
440680 0.50
440690 0.80
440700 0.40
440710 0.20
440720 0.20
440730 0.20
440740 0.10
440750 0.20
440760 0.50
440790 0.10
440800 0.10
440840 0.10
442180 0.10
442190 0.30
442200 0.30
442210 0.10
442260 0.10
447660 0.10
447760 0.10
447870 0.10
449430 0.10
449500 0.10
449510 0.10
449520 0.10
449570 0.10
449590 0.10
449600 0.10
449630 0.10
449660 0.10
449670 0.10
449690 0.10
449710 0.10
449820 0.10
449900 0.30
449910 0.10
449950 0.10
450000 0.10
450010 0.10
450030 0.10
450040 0.20
450050 0.20
450060 0.20
450070 0.10
450080 0.20
450090 0.20
450100 0.20
450110 0.10
450130 0.10
450150 0.10
450160 0.10
450190 0.10
450220 0.10
450250 0.10
450300 0.10
453020 0.10
453040 0.10
453090 0.10
453110 0.10
453190 0.20
453200 0.20
453210 0.50
453220 0.10
453270 0.40
453280 0.20
453290 0.60
453300 0.10
453310 0.10
453320 0.30
453330 0.10
453340 0.20
453440 0.20
453450 0.10
453490 0.10
453500 0.20
453540 0.10
453560 0.10
456200 0.10
456220 0.10
457000 0.10
457300 0.10
457310 0.10
457350 0.10
457360 0.40
457440 0.20
457500 0.30
457510 0.10
457530 0.20
457580 0.30
457590 0.30
457620 0.10
457750 0.20
457760 0.10
457770 0.10
457810 0.20
457840 0.10
457850 0.10
457860 0.20
457930 0.10
458310 0.10
458320 0.10
458400 0.20
458410 0.20
463420 0.10
463720 0.10
463980 0.10
464000 0.10
464190 0.20
464200 0.20
464210 0.30
464220 0.40
464230 0.20
464240 0.10
464250 0.10
464280 0.10
464370 0.10
464400 0.10
464430 0.10
464450 0.10
464460 0.10
464480 0.10
464490 0.10
464500 0.30
464510 0.30
464520 0.10
464540 0.10
464560 0.10
464580 0.20
464590 0.10
464600 0.20
464610 0.20
464620 0.20
464630 0.20
464640 0.10
464660 0.20
464670 0.10
464680 0.10
464700 0.10
464720 0.10
464730 0.10
464740 0.10
464750 0.10
464770 0.10
464810 0.20
464820 0.20
464830 0.30
464850 0.10
464860 0.10
464870 0.40
464880 0.10
464890 0.20
464900 0.20
464910 0.10
464920 0.30
464930 0.90
464940 0.50
464950 0.10
464970 0.20
464980 0.30
464990 0.20
465000 0.20
465010 0.20
465020 0.40
465030 0.60
465040 0.50
465050 0.30
465060 0.40
465070 0.60
465080 0.20
465090 0.30
465100 0.40
465110 1.30
465120 0.30
465130 0.10
465160 0.10
465230 0.20
465240 0.10
465250 0.10
465300 0.10
465360 0.10
465460 0.20
469840 0.10
469850 0.10
469870 0.10
469910 0.10
470160 0.10
471380 0.10
471410 0.10
471450 0.10
471560 0.10
471880 0.10
476000 0.10
476270 0.10
476280 0.10
476290 0.60
476300 0.10
476380 0.40
476430 0.30
476440 1.20
476450 1.00
476460 0.10
476500 0.10
477960 0.10
478020 0.10
478050 0.10
478460 0.10
478470 0.10
478480 0.10
478490 0.20
478510 0.10
478530 0.10
478560 0.10
478570 0.10
478580 0.20
478590 0.20
478600 0.20
478610 0.10
478620 0.20
478630 0.10
478650 0.10
478660 0.40
478670 0.30
478680 0.10
478690 0.20
478700 0.10
478710 0.20
478730 0.10
478740 0.10
478750 0.20
478760 0.20
478770 0.10
478780 0.10
478790 0.10
478800 0.10
478810 0.10
478820 0.10
478840 0.10
478850 0.10
478860 0.20
478870 0.10
478880 0.20
478890 0.10
478900 0.60
478910 0.20
478920 0.20
478930 0.10
478940 0.10
478950 0.10
478970 0.10
478980 0.10
479010 0.10
479100 0.10
479170 0.10
490060 0.10
504710 0.10
504720 0.10
504760 0.10
504770 0.20
504780 0.20
504790 0.20
504800 0.10
504990 0.10
505000 0.10
505030 0.40
505040 0.10
505050 0.10
505060 0.30
506090 0.10
506110 0.10
506120 0.10
506130 0.10
506140 0.10
506150 0.10
506160 0.10
506170 0.30
506180 0.20
506190 0.20
506200 0.20
506210 0.10
506220 0.30
506230 0.30
506240 0.40
506250 0.40
506260 0.20
506270 0.30
506280 0.40
506290 0.30
506300 0.60
506310 0.60
506320 0.60
506330 0.40
506340 0.60
506350 1.70
506360 1.40
506370 1.40
506380 2.50
506390 2.50
506400 0.70
506410 0.90
506420 1.00
506430 0.40
506440 0.40
506450 0.20
506460 0.10
506470 0.10
506480 0.10
506490 0.10
506500 0.20
506510 0.10
506580 0.10
508380 0.10
508410 0.10
508420 0.20
508430 0.20
508440 0.10
508450 0.10
508460 0.10
508470 0.10
508480 0.10
508490 0.20
508500 0.10
508510 0.10
508530 0.10
508540 0.10
510100 0.10
513130 0.20
513140 0.10
513160 0.10
513170 0.20
513180 0.10
513230 0.10
513250 0.10
513260 0.10
513270 0.10
513300 0.10
513390 0.10
513620 0.10
513630 0.10
513650 0.10
513660 0.20
513670 0.10
513680 0.10
513690 0.10
513700 0.10
513710 0.10
513720 0.20
513730 0.20
513740 0.10
513750 0.10
513760 0.20
513770 0.10
513780 0.10
513790 0.20
513800 0.10
513810 0.20
513820 0.10
513830 0.20
513840 0.20
513850 0.10
513860 0.10
513870 0.20
513900 0.10
513910 0.10
513940 0.10
513950 0.10
516600 0.10
516620 0.20
516640 0.20
516650 0.10
516660 0.20
516680 0.20
516690 0.80
516700 0.90
516710 0.70
516720 0.50
516730 0.30
516740 0.20
516750 0.30
516760 0.50
516770 1.10
516780 0.80
516790 0.30
516800 0.50
516810 0.50
516820 0.70
516830 0.50
516840 0.40
516850 0.70
516860 0.50
516870 0.20
516880 0.10
516900 0.10
516910 0.50
516920 0.30
516930 0.10
516940 0.10
516950 0.10
516970 0.30
516980 0.10
516990 0.10
517000 0.10
519720 0.10
521590 0.10
521600 0.30
521610 0.40
521620 0.30
521630 0.50
521640 0.40
521650 0.30
521660 0.30
521670 0.50
521680 0.50
521690 0.40
521700 0.10
521710 0.10
521720 0.10
521730 0.10
521740 0.10
521750 0.10
521760 0.20
521770 0.20
521780 0.10
521790 0.10
521800 0.20
521810 0.30
521820 0.40
521830 0.20
521840 0.10
521870 0.10
524460 0.10
524590 0.10
526300 0.10
526320 0.10
526330 0.10
526340 0.20
