6.521 15.36 0.0
7.479 20.00 7.4
10.236 25.86 14.5
10.812 37.02 22.6
11.361 72.29 29.7
12.069 77.94 51.1
13.438 83.73 60.5
14.944 89.33 70.5
18.479 92.82 76.7
21.764 93.12 92.2
23.111 93.35 94.5
26.549 95.27 96.5
27.389 95.44 100.9
27.764 99.65 102.3
30.431 100.41 110.0
31.236 102.08 114.3
31.840 108.26 118.3
32.285 113.41 124.7
36.778 115.88 131.2
38.069 122.29 135.7
38.444 123.26 140.1
40.965 123.47 142.4
54.715 124.39 146.7
57.194 124.63 152.2
57.722 125.07 153.5
59.014 125.99 156.1
63.972 128.45 157.7
66.306 136.11 168.4
71.639 137.62 175.3
77.312 138.14 178.8
78.653 139.39 180.4
82.458 160.86 185.9
84.479 166.65 191.2
92.507 166.97 196.0
93.979 167.08 197.9
95.931 167.95 200.1
96.465 168.67 202.3
97.028 169.20 204.2
98.333 174.82 206.4
108.250 176.92 211.4
111.507 176.92 220.6
111.896 191.61 222.1
118.847 207.01 228.8
120.049 207.88 243.0
124.340 208.69 246.4
127.681 216.74 252.2
141.062 220.87 270.0
150.299 222.19 275.0
152.653 244.19 279.2
154.993 245.36 293.3
155.792 259.08 297.8
161.194 265.42 301.9
169.569 268.19 312.1
172.472 270.15 315.9
173.882 358.02 319.6
181.938 358.38 342.1
183.285 361.06 343.9
185.847 367.16 349.2
188.597 386.24 358.2
189.653 398.83 370.1
191.528 400.37 380.7
192.271 401.11 383.1
193.812 404.23 386.8
198.660 417.27 390.9
199.472 495.14 395.2
203.840 509.93 409.6
217.514 666.95 419.8
222.354 681.69 444.0
224.167 688.86 453.6
225.507 697.70 463.4
227.729 1262.87 471.7
232.083 1264.59 509.8
235.208 1264.92 516.4
236.424 1265.50 518.5
237.174 1299.98 520.8
239.451 1301.95 532.5
255.993 1302.05 541.0
256.549 1304.59 542.3
257.604 1309.88 547.3
265.458 1310.58 554.1
266.132 1311.52 557.8
279.542 1311.78 564.0
280.208 1316.88 565.7
286.757 1317.03 569.9
287.410 1318.39 571.9
293.229 1325.16 576.9
293.979 1325.30 583.5
298.646 1325.50 586.3
300.861 1326.76 587.7
305.993 1329.34 592.4
312.104 1329.86 598.9
314.597 1331.11 603.1
317.361 1331.60 607.5
321.819 1340.68 611.5
330.556 1344.11 629.4
332.264 1345.70 633.8
350.493 1345.99 641.0
351.451 1396.85 643.1
353.042 1397.02 664.1
356.340 1397.53 665.9
358.750 1407.48 671.0
362.215 1409.88 684.4
